0.24,0.15,-0.01,0
0.235948995887757,0.140944814337338,-0.0086893810225095,0.202781469810161
0.231997655709378,0.132112406879785,-0.0074110062589163,0.198784642675826
0.228142649603298,0.123495334407347,-0.0061637984010645,0.194886990481657
0.224380795592101,0.115086484248045,-0.00494672798401467,0.191085362290131
0.220709058109968,0.106879067089507,-0.00375881251994746,0.187376792305545
0.217125185412746,0.0988677031564291,-0.00259928885691753,0.183758511681035
0.213647392634924,0.0910812536217124,-0.00147286462566368,0.180228477225244
0.210529981363843,0.0839302531373346,-0.00044602345011774,0.176800805098804
0.208777089861226,0.0789679468207644,0.000225496331800989,0.173670178259509
0.208739271910767,0.0775502884579279,0.000371043963130472,0.1
0.208953937052029,0.0764557597316623,0.000459030321630845,0.1
0.209336557314735,0.0755430354585158,0.000512040722674894,0.1
0.209838951379512,0.0747305633627367,0.000543048525775096,0.1
0.210433509783318,0.0739700344242424,0.000559645579243937,0.1
0.211103865582141,0.0732310793594051,0.000566505505845386,0.1
0.211839938324814,0.0724932515679289,0.000566681010725746,0.1
0.212635280301157,0.0717417853306522,0.000562293436819091,0.1
0.213485597467704,0.070965265037538,0.000554913749475815,0.1
0.214387882593375,0.0701542876876147,0.000545782971901014,0.1
0.215339878500105,0.0693006627254108,0.000535945877448401,0.1
0.21633972538731,0.068396915356405,0.000526335925628498,0.1
0.21738571377481,0.067435968936414,0.0005178317288776,0.1
0.218476099314557,0.0664109379618708,0.000511296272357247,0.1
0.219608954277122,0.0653149928980329,0.00050760528248453,0.1
0.220782040853215,0.0641412744737069,0.000507668467307864,0.1
0.221992697425559,0.0628828444433226,0.000512445813111805,0.1
0.223237732647351,0.061532665350872,0.000522960200177748,0.1
0.224513324554935,0.0600836051833448,0.000540307026171999,0.1
0.225814923611991,0.0585284648623101,0.000565661152569895,0.1
0.227137159847308,0.0568600277773423,0.00060028123753497,0.1
0.228473755288692,0.0550711312827334,0.000645511342857432,0.1
0.229817443813564,0.0531547604062816,0.000702779578015459,0.1
0.231159901386352,0.0511041640324149,0.000773593458123339,0.1
0.232491690454389,0.0489129935561306,0.000859531598948078,0.1
0.233802223021886,0.0465754634692698,0.000962231350884426,0.1
0.235079747586208,0.0440865325339524,0.00108337198798397,0.1
0.236311365649846,0.0414421031144912,0.0012246531235663,0.1
0.237483083841643,0.0386392348810359,0.00138776812773209,0.1
0.238579907700196,0.0356763674853105,0.00157437248144934,0.1
0.23958598278726,0.0325535449884614,0.00178604722242783,0.1
0.240484787903846,0.0292726328771085,0.00202425792190451,0.1
0.241259383682817,0.0258375165627468,0.00229030997544366,0.1
0.241892717664715,0.0222542684923442,0.00258530138429408,0.1
0.242367984111924,0.0185312696140805,0.00291007462739955,0.1
0.242669033330483,0.0146792701777223,0.00326516964917952,0.1
0.242780821281242,0.0107113749454156,0.00365078037733429,0.1
0.242689885994282,0.00664293906384548,0.00406671749418722,0.1
0.242384833060369,0.00249136326494717,0.0045123803674684,0.1
0.241856808635948,-0.00172421920647883,0.00498674105705305,0.1
0.240632551956973,-0.00861346976742501,0.00579809178104519,0.161751872696197
0.238769075724824,-0.0154782081774133,0.00667091324525896,0.160714501600243
0.236328862479628,-0.0222375802461205,0.0075908717766493,0.159616541441592
0.233377082671436,-0.0288211554131045,0.00854440727416687,0.158485728301494
0.229990711026224,-0.0351767048301066,0.0095185993803883,0.15734556814269
0.2262571405314,-0.0412759662967967,0.0105018825765396,0.156218070112972
0.222268075208229,-0.0471171526167639,0.0114849077408535,0.155123775879094
0.218111403115334,-0.0527232206756213,0.0124611817560288,0.154080833392742
0.213862982740593,-0.0581353386860585,0.0134272355945465,0.153103808582521
0.209580382882579,-0.0634022798520427,0.0143821896969471,0.152202614212323
0.205300616666799,-0.0685687500565269,0.0153268133390561,0.151381896348585
0.201042732991527,-0.0736673305987777,0.0162624597661777,0.150641211799892
0.196813722524124,-0.078717095041575,0.0171903374762396,0.149976120267789
0.192614631547804,-0.0837273805471883,0.0181112808204054,0.1493798560619
0.188479200964436,-0.0886620445221654,0.0190183854002414,0.147648126236422
0.184440198783041,-0.0934930656380111,0.0199064070667435,0.145193087118572
0.18057056638042,-0.0981980124027724,0.0207709846676406,0.142814534979317
0.17713419318287,-0.102705872035493,0.0215981985871039,0.140543973468395
0.174622238855969,-0.106927951100917,0.0223699811835453,0.138484951666088
0.173302123589893,-0.110904836016614,0.0230925180041917,0.136818580387381
0.172971135952407,-0.113789339707169,0.0236139359543005,0.1
0.172861633059564,-0.116727415513479,0.0241440748529461,0.1
0.172845754620133,-0.119748022173232,0.0246886963044118,0.1
0.172831990829488,-0.122864264321702,0.0252505499535448,0.1
0.172755755677944,-0.126078799520724,0.0258303881445506,0.1
0.172570771826058,-0.129387517662997,0.0264276656905697,0.1
0.172243136598928,-0.132781784037503,0.0270409693575844,0.1
0.171747531946928,-0.136249785997421,0.0276682766756585,0.1
0.171064873692177,-0.139777365864645,0.0283071160399434,0.1
0.17018089506,-0.143348578752751,0.0289546732674306,0.1
0.169085332059572,-0.146946121657196,0.0296078723995867,0.1
0.167376532509046,-0.151635607705769,0.0304605211687506,0.130061161408023
0.165290775918788,-0.15626641218733,0.0313041856045721,0.129316534144634
0.16284599200411,-0.160800292739806,0.032131895528783,0.128537139047378
0.160064536878624,-0.165201445853801,0.0329371017124581,0.127730653645199
0.156974425287789,-0.169438603406255,0.0337140486254983,0.126904542023929
0.153609178031929,-0.173486901918552,0.0344581120715493,0.126066500449351
0.150006813314799,-0.177329407392891,0.0351660783523853,0.125224560132641
0.146208284622,-0.180958187834083,0.0358363442306521,0.124387004387879
0.142255570532112,-0.184374819737744,0.0364690163207464,0.123562174854859
0.138189590156471,-0.187590205401618,0.037065886972748,0.122758203276272
0.134048124947871,-0.190623579138532,0.0376302639047794,0.121982690014656
0.129863960284919,-0.193500621635926,0.0381666381224453,0.121242349282353
0.125663499272879,-0.196250727026929,0.0386801970915302,0.120542650762604
0.121466105517283,-0.198903707649199,0.0391762334531597,0.119887505070755
0.117284342194467,-0.201486529931289,0.0396595555587254,0.119279058690219
0.113125059798189,-0.204020870777524,0.0401340423336551,0.118717667135614
0.108991010729925,-0.206522126463375,0.0406024577705641,0.118202085220032
0.104882504234944,-0.208999947598757,0.0410665403708912,0.117729847997881
0.100798693691076,-0.211459741628695,0.0415272685693309,0.117297745224243
0.0967383502536426,-0.213904336886186,0.0419851574558952,0.116902264608576
0.0927002181156195,-0.216335248497288,0.0424404854900185,0.11653991559991
0.0886831322122782,-0.218753412444112,0.0428934263392997,0.116207414205116
0.084686038637202,-0.221159524788182,0.0433441099482396,0.115901760520606
0.0807079873479018,-0.223554171206347,0.0437926459218054,0.115620253980051
0.0767481207009136,-0.225937870604457,0.0442391314365977,0.115360480147718
0.0728056629187026,-0.228311090407965,0.0446836540419982,0.115120287315821
0.0722966459075853,-0.228617500599663,0.0447410470641531,0.0148977607675112
0.0717887235199816,-0.228923251866788,0.0447983166645892,0.0148701609214807
0.0712818843272868,-0.229228351088962,0.0448554641319133,0.0148428684341521
0.070776117090126,-0.229532805031892,0.0449124907333953,0.0148158782050008
